Message num,Action,send,recived,RXPower,FPPower,TOF_CLK,distance
1770,POLL,289010306048,737080153700,-85.37,-91.58
1770,POLL_ACK,741731626496,293661954695,-84.51,-91.93
1770,RANGE,294730519552,742800242377,-85.17,-91.66,37171.56352208027,174.34789825502148
1771,POLL,297061840896,745131512797,-85.04,-92.38
1771,POLL_ACK,749782983168,301713487113,-84.07,-92.08
1771,RANGE,302781861376,750851408463,-84.65,-92.24,37172.66324072949,174.35305632794055
1772,POLL,305113112576,753182608768,-84.37,-92.23
1772,POLL_ACK,757834002944,309764682601,-83.88,-92.5
1772,RANGE,310833346048,758902717424,-84.54,-91.76,37176.07103168689,174.36904008366184
1773,POLL,313164960256,761234280714,-84.26,-91.57
1773,POLL_ACK,765885645312,317816500701,-84.34,-93.19
1773,RANGE,318884761088,766953956736,-84.67,-91.74,37173.99487683373,174.35930217648752
1774,POLL,321216309760,769285454500,-84.57,-91.86
1774,POLL_ACK,773936336384,325867367472,-84.89,-91.94
1774,RANGE,326935704064,775004724017,-84.72,-91.54,37175.50665276851,174.36639294512594
1775,POLL,329267766784,777336735817,-85.58,-92.38
1775,POLL_ACK,781988139520,333919346330,-84.39,-91.78
1775,RANGE,334987747840,783056592064,-84.9,-91.63,37173.57389007388,174.35732759834718
1776,POLL,337318724608,785387517941,-85.03,-92.22
1776,POLL_ACK,790038646784,341970029294,-84.41,-91.42
1776,RANGE,343038768128,791107436629,-85.13,-91.95,37167.77541688606,174.33013068980762
1777,POLL,345370127872,793438745457,-85.16,-91.83
1777,POLL_ACK,798088565248,350020123449,-84.88,-91.87
1777,RANGE,351088588800,799157081634,-85.36,-92.21,37172.45051739344,174.35205857958033
1778,POLL,361473066496,809541332619,-85.48,-91.5
1778,POLL_ACK,814190937088,366122846731,-85.51,-91.97
1778,RANGE,367191432192,815259573573,-86.03,-92.95,37167.61377368575,174.32937252551287
1779,POLL,369524782080,817592872531,-85.75,-92.18
1779,POLL_ACK,822244452352,374176537736,-84.78,-91.49
1779,RANGE,375244879872,823312845521,-85.71,-92.02,37171.534510546524,174.34776218057488
1780,POLL,377575740416,825643655174,-85.27,-91.47
1780,POLL_ACK,830295084032,382227345098,-85.43,-92.78
1780,RANGE,383295973888,831363763830,-85.53,-92.11,37163.19278178286,174.3086364957784
1781,POLL,385627534848,833695273890,-85.97,-93.4
1781,POLL_ACK,838346743296,390279180075,-84.89,-91.38
1781,RANGE,391347385856,839415000101,-85.08,-91.51,37165.5828309374,174.3198466792449
1782,POLL,393678546432,841746109795,-85.45,-91.87
1782,POLL_ACK,846397325824,398329938302,-84.51,-91.86
1782,RANGE,399398340096,847465778623,-85.82,-93.23,37161.980511357055,174.302950514861
1783,POLL,401729949696,849797337322,-85.73,-92.3
1783,POLL_ACK,854447690752,406380478933,-84.74,-91.45
1783,RANGE,407449177600,855516440453,-85.77,-92.09,37174.98770836431,174.36395891067562
1784,POLL,409781735936,857848947862,-85.63,-92.13
1784,POLL_ACK,862500192768,414433156654,-84.63,-91.38
1784,RANGE,415501785088,863568872234,-85.11,-91.52,37172.20179113624,174.35089196467166
1785,POLL,417833139200,865900175458,-85.79,-92.32
1785,POLL_ACK,870551721984,422484861549,-85.25,-92.98
1785,RANGE,423552994304,871619905778,-85.35,-92.52,37171.06403706471,174.3455554920483
1786,POLL,425884296192,873951156779,-85.68,-92.68
1786,POLL_ACK,878602679296,430535994522,-84.82,-92.37
1786,RANGE,431604529664,879671265470,-85.29,-91.82,37170.9020620318,174.34479577134027
1787,POLL,433935945216,882002630138,-85.47,-92.04
1787,POLL_ACK,886654019072,438587509957,-84.78,-92.52
1787,RANGE,439656095232,887722655394,-85.58,-91.84,37177.157400438824,174.3741355407985
1788,POLL,441987090432,890053599712,-85.5,-91.89
1788,POLL_ACK,894705034752,446638701273,-84.66,-92.55
1788,RANGE,447707178496,895773563004,-85.81,-91.79,37168.22596805937,174.33224393559766
1789,POLL,450038368256,898104701889,-86.16,-92.07
1789,POLL_ACK,902755019776,454688861918,-84.57,-91.4
1789,RANGE,455757055488,903823264394,-85.35,-91.59,37173.28335055188,174.3559648643048
1790,POLL,458090154496,906156312458,-85.99,-93.3
1790,POLL_ACK,910807530496,462741548319,-84.63,-92.24
1790,RANGE,463809923584,911875956784,-85.92,-92.04,37163.82978769352,174.3116242808263
1791,POLL,466141174272,914207156570,-85.51,-92.02
1791,POLL_ACK,918858670592,470792864062,-85.06,-91.64
1791,RANGE,471861417472,919927275040,-85.92,-91.94,37169.31785347132,174.33736526783852
1792,POLL,474192968704,922258775383,-85.83,-91.97
1792,POLL_ACK,926909761536,478844130617,-84.91,-91.38
1792,RANGE,479912670208,927978352165,-85.79,-92.36,37169.52325132499,174.3383286570721
1793,POLL,482243980288,930309611371,-86.17,-92.28
1793,POLL_ACK,934960846336,486895391016,-85.87,-92.87
1793,RANGE,487964087808,936029594176,-86.25,-91.5,37174.75623123981,174.36287320035495
1794,POLL,490295520768,938360976247,-86.27,-92.23
1794,POLL_ACK,943012501504,494947221789,-86.46,-91.76
1794,RANGE,496015672832,944081003583,-86.46,-91.58,37167.20057987972,174.327434499107
1795,POLL,498347231744,946412511640,-87.21,-92.28
1795,POLL_ACK,951063379456,502998275319,-86.42,-92.05
1795,RANGE,504066579968,952131735150,-86.81,-92.3,37170.43403466809,174.34260055598057
1796,POLL,506398581248,954463685542,-86.47,-92.48
1796,POLL_ACK,959115308544,511050380005,-86.75,-92.51
1796,RANGE,512119058944,960184038522,-87.15,-91.96,37169.40104485014,174.33775546509352
1797,POLL,514449984000,962514912723,-86.95,-92.41
1797,POLL_ACK,967165693952,519100940975,-87.32,-92.77
1797,RANGE,520169358848,968234162877,-87.17,-91.74,37173.24616565466,174.35579045386675
1798,POLL,530552536064,978617113551,-86.68,-91.85
1798,POLL_ACK,983266943488,535202541694,-86.99,-92.5
1798,RANGE,536270955520,984335408359,-87.23,-93.66,37167.35050842292,174.32813771747928
1799,POLL,538604246528,986668648467,-86.9,-92.01
1799,POLL_ACK,991319903232,543255677070,-86.0,-91.65
1799,RANGE,544324492288,992388769492,-86.41,-92.22,37174.63419588693,174.3623008109995
1800,POLL,546655207424,994719433771,-86.77,-91.98
1800,POLL_ACK,999370537472,551306486887,-86.43,-91.53
1800,RANGE,552374992384,1000439094019,-86.41,-91.53,37174.047518709354,174.3595490856704
1801,POLL,554706991104,1002771041848,-86.54,-92.34
1801,POLL_ACK,1007422175744,559358300777,-86.6,-92.18
1801,RANGE,560426841088,1008490767104,-86.15,-91.53,37175.28918876397,174.36537296133872
1802,POLL,562758402048,1010822277178,-86.39,-91.5
1802,POLL_ACK,1015473795072,567410095708,-85.85,-92.46
1802,RANGE,568478612480,1016542362873,-86.95,-91.83,37165.13890930089,174.31776452834833
1803,POLL,570809416192,1018873115736,-86.66,-91.45
1803,POLL_ACK,1023524167168,575460643398,-86.9,-91.72
1803,RANGE,576529664000,1024593238809,-87.08,-92.52,37175.36932035254,174.36574880708548
1804,POLL,578861208064,1026924732000,-86.98,-92.07
1804,POLL_ACK,1031575811072,583512462885,-87.17,-92.55
1804,RANGE,584581187584,1032644586804,-86.92,-91.78,37167.91453112342,174.3307831852262
1805,POLL,586912603136,1034975951500,-86.96,-91.79
1805,POLL_ACK,1039627165696,591563993076,-86.22,-91.53
1805,RANGE,592632717824,1040695941481,-87.43,-92.11,37168.79895623025,174.3349314546001
1806,POLL,594963622912,1043026795712,-87.13,-91.57
1806,POLL_ACK,1047677986304,599614989253,-87.56,-93.7
1806,RANGE,600683410944,1048746459046,-87.11,-91.59,37172.320003895366,174.35144642469828
1807,POLL,603015417344,1051078414571,-87.25,-91.63
1807,POLL_ACK,1055729845248,607667023760,-87.37,-92.8
1807,RANGE,608735634944,1056798507489,-87.27,-91.96,37175.016270540706,174.36409287747585
1808,POLL,611066431488,1059129253195,-87.2,-91.93
1808,POLL_ACK,1063780619264,615717973295,-87.41,-92.93
1808,RANGE,616786727936,1064849424946,-87.3,-91.83,37169.820419440075,174.33972248158162
1809,POLL,619118215168,1067180861324,-87.62,-92.55
1809,POLL_ACK,1071832140288,623769669849,-87.04,-91.57
1809,RANGE,624838177792,1072900699288,-86.72,-91.85,37172.35528685843,174.35161191438644
1810,POLL,627169626112,1075232096758,-86.94,-93.02
1810,POLL_ACK,1079883161088,631820866154,-87.06,-91.85
1810,RANGE,632889284096,1080951630089,-86.9,-91.73,37172.34086045898,174.35154424942468
1811,POLL,635220637696,1083282932846,-86.61,-91.74
1811,POLL_ACK,1087933724160,639871604729,-86.9,-92.78
1811,RANGE,640940308480,1089002478958,-86.18,-91.52,37171.20432467758,174.3462134910168
1812,POLL,643272432128,1091334551739,-86.81,-91.99
1812,POLL_ACK,1095985588736,647923644824,-86.93,-91.56
1812,RANGE,648992291328,1097054286300,-87.08,-91.98,37173.61396292121,174.35751555430193
1813,POLL,651323835392,1099385779517,-86.79,-91.63
1813,POLL_ACK,4525496320,655975355695,-86.45,-91.64
1813,RANGE,657043804160,5593995838,-86.72,-92.55,37170.7220311002,174.34395136202383
1814,POLL,659375238144,7925378957,-86.48,-91.83
1814,POLL_ACK,12575209472,664025244304,-86.29,-92.46
1814,RANGE,665093602816,13643619027,-86.6,-92.14,37161.56191918869,174.30098716820928
1815,POLL,667426249728,15976215071,-86.72,-92.1
1815,POLL_ACK,20627916800,672078127161,-87.24,-92.53
1815,RANGE,673146622976,21696463674,-86.86,-91.89,37170.986338748364,174.34519105921663
1816,POLL,675478044160,24027834030,-86.85,-91.89
1816,POLL_ACK,28678659072,680129044901,-87.43,-92.15
1816,RANGE,681197446144,29747111386,-87.55,-91.85,37176.34494311019,174.37032482598727
1817,POLL,683529439232,32079053618,-87.17,-91.7
1817,POLL_ACK,36730020864,688180582170,-87.36,-91.94
1817,RANGE,689249289216,37798778958,-87.11,-91.86,37168.759414766544,174.33474599102428
1818,POLL,699631999488,48181262811,-87.49,-92.06
1818,POLL_ACK,52830715904,704281628209,-88.31,-92.11
1818,RANGE,705350305280,53899444033,-88.22,-93.02,37169.6622697189,174.33898070295078
1819,POLL,707683656192,56232744062,-88.38,-93.44
1819,POLL_ACK,60883979776,712335067637,-88.28,-92.82
1819,RANGE,713403507712,61952470900,-88.3,-92.81,37169.896684021645,174.34008018968555
1820,POLL,715735059456,64283971801,-88.13,-91.77
1820,POLL_ACK,68935318016,720386581398,-88.16,-91.69
1820,RANGE,721455203328,70003991013,-88.24,-92.5,37178.22847299054,174.37915925329742
1821,POLL,723786071040,72334807892,-88.12,-92.01
1821,POLL_ACK,76986211328,728437650193,-87.97,-92.44
1821,RANGE,729506306048,78054918239,-87.27,-92.15,37173.005963735,174.3546638211432
1822,POLL,731837865472,80386426815,-87.39,-92.34
1822,POLL_ACK,85037880832,736489495215,-87.54,-91.79
1822,RANGE,737558210560,86106647221,-87.02,-91.63,37169.39180499236,174.3377121268631
1823,POLL,739889002496,88437388327,-87.07,-92.0
1823,POLL_ACK,93088419840,744540209710,-87.7,-91.86
1823,RANGE,745608844288,94157105480,-87.5,-91.63,37174.51947186465,174.3617627143937
1824,POLL,747940417024,96488627367,-87.66,-92.13
1824,POLL_ACK,101139715072,752591680429,-87.48,-91.7
1824,RANGE,753660267520,102208353210,-88.21,-92.71,37167.79208633725,174.33020887548247
1825,POLL,755991683072,104539717921,-88.31,-93.36
1825,POLL_ACK,109191055360,760643196202,-87.92,-91.29
1825,RANGE,761711478784,110259389002,-87.86,-91.98,37169.03097198073,174.33601969126883
1826,POLL,764043476992,112591336361,-88.02,-93.46
1826,POLL_ACK,117242846208,768695162534,-87.16,-92.62
1826,RANGE,769763370496,118311105241,-87.39,-92.16,37172.865415489694,174.35400459971555
1827,POLL,772094626304,120642310209,-87.23,-91.46
1827,POLL_ACK,125293347840,776745839623,-87.31,-92.56
1827,RANGE,777814339584,126361898870,-87.75,-92.04,37174.94619247755,174.36376418635106
1828,POLL,780146283008,128693791442,-87.67,-92.28
1828,POLL_ACK,133344878592,784797545844,-87.41,-93.35
1828,RANGE,785866142208,134413526019,-87.58,-92.15,37173.07303825357,174.354978424572
1829,POLL,788197686272,136745019247,-87.3,-92.85
1829,POLL_ACK,141396091392,792848934094,-87.68,-91.83
1829,RANGE,793917665792,142464874144,-87.72,-92.11,37169.802403962014,174.3396379825604
1830,POLL,796249081344,144796238879,-88.25,-93.12
1830,POLL_ACK,149447813632,800900831791,-87.93,-91.35
1830,RANGE,801969635840,150516668729,-87.82,-91.67,37168.568939798985,174.33385259545204
1831,POLL,804300545536,152847527601,-88.01,-91.78
1831,POLL_ACK,157498840064,808952033695,-87.91,-92.33
1831,RANGE,810020716544,158567573954,-88.25,-92.72,37165.36981289118,174.31884754858885
1832,POLL,812351641088,160898447680,-87.65,-91.78
1832,POLL_ACK,165549665280,817003034367,-87.51,-91.5
1832,RANGE,818071733760,166618415726,-87.42,-91.82,37169.00042904422,174.33587643399687
1833,POLL,820403298304,168949929454,-87.37,-92.08
1833,POLL_ACK,173601138688,825054683215,-86.15,-92.3
1833,RANGE,826123131904,174669638443,-86.08,-91.46,37171.89554514792,174.3494555616971
1834,POLL,828454701056,177001156776,-85.93,-91.61
1834,POLL_ACK,181653171712,833106891672,-84.81,-92.3
1834,RANGE,834175609344,182721940444,-85.64,-91.98,37170.47925301792,174.34281264617823
1835,POLL,836505775616,185052055914,-85.86,-91.73
1835,POLL_ACK,189703556608,841157451974,-86.09,-91.47
1835,RANGE,842225933312,190772089011,-86.31,-91.46,37169.97090991627,174.3404283356202
1836,POLL,844557115392,193103220283,-86.68,-91.54
1836,POLL_ACK,197754130432,849208201205,-87.26,-91.39
1836,RANGE,850277080576,198823060874,-87.4,-91.55,37177.13724760043,174.3740410167945
1837,POLL,852608518656,201154448134,-88.15,-92.57
1837,POLL_ACK,205805417984,857259664154,-87.5,-92.01
1837,RANGE,858328223232,206874028121,-87.21,-91.49,37167.805431655644,174.33027146978824
1838,POLL,868711461888,217257040454,-87.19,-91.49
1838,POLL_ACK,221906420736,873361017765,-86.79,-92.41
1838,RANGE,874429753856,222975207885,-86.9,-92.11,37167.24932405026,174.32766312666206
1839,POLL,876762727424,225308130592,-86.98,-91.73
1839,POLL_ACK,229959044096,881413816603,-86.97,-92.13
1839,RANGE,882482137600,231027416158,-87.24,-92.54,37170.77275798477,174.34418928921528
1840,POLL,884814130688,233359358408,-87.29,-91.56
1840,POLL_ACK,238010437632,889465385600,-87.51,-92.14
1840,RANGE,890534380544,239079483633,-87.48,-92.3,37174.367339561184,174.3610491595993
1841,POLL,892865924608,241410976857,-86.64,-91.86
1841,POLL_ACK,246062035968,897517159401,-86.71,-91.93
1841,RANGE,898585749504,247130677133,-87.42,-93.14,37172.29439874273,174.35132632739476
1842,POLL,900917073920,249461950720,-86.78,-91.46
1842,POLL_ACK,254113575936,905568874824,-87.34,-92.58
1842,RANGE,906637474304,255182226475,-87.19,-91.41,37170.56602537012,174.3432196394763
1843,POLL,908968339456,257513040800,-86.89,-91.73
1843,POLL_ACK,262163802624,913619276965,-86.63,-93.16
1843,RANGE,914688005120,263232581833,-86.64,-93.14,37171.15012942064,174.34595929592123
1844,POLL,917020125696,265564651557,-86.63,-92.67
1844,POLL_ACK,270216127488,921671777311,-86.3,-92.32
1844,RANGE,922740156928,271284558168,-86.11,-91.94,37170.1749507288,174.34138535984656
1845,POLL,925071528448,273615878859,-86.17,-91.42
1845,POLL_ACK,278267637248,929723462535,-86.0,-92.58
1845,RANGE,930791747072,279335972854,-86.05,-91.44,37172.505038415766,174.35231430263184
1846,POLL,933122550784,281666725749,-86.22,-92.52
1846,POLL_ACK,286320011776,937776012532,-86.11,-91.35
1846,RANGE,938844300288,287388350602,-86.7,-91.95,37171.980132086836,174.34985230462695
1847,POLL,941173950976,289717950494,-86.36,-92.23
1847,POLL_ACK,294368224256,945824400398,-86.39,-91.53
1847,RANGE,946892572160,295436447105,-86.53,-92.9,37178.29692376916,174.37948031187702
1848,POLL,949225745408,297769569486,-86.45,-92.65
1848,POLL_ACK,302420905984,953877257587,-85.49,-91.72
1848,RANGE,954945650688,303489350138,-86.07,-91.43,37166.23185099414,174.32289081492542
1849,POLL,957277140480,305820789088,-86.17,-91.66
1849,POLL_ACK,310471724032,961928251105,-85.32,-91.35
1849,RANGE,962996849664,311540373640,-86.52,-92.67,37167.24297421293,174.32763334365896
1850,POLL,965328297472,313871770608,-86.41,-91.99
1850,POLL_ACK,318521829376,969978531875,-85.46,-91.43
1850,RANGE,971046935552,319590284124,-85.96,-92.07,37171.947703674385,174.34970020379993
1851,POLL,973379563008,321922860735,-85.99,-91.47
1851,POLL_ACK,326573903872,978030781799,-85.8,-92.99
1851,RANGE,979099739648,327642912778,-86.61,-92.25,37170.935267425106,174.34495151648483
1852,POLL,981430965760,329974088085,-86.37,-91.55
1852,POLL_ACK,334625561600,986082614947,-86.46,-91.77
1852,RANGE,987151191040,335694188766,-86.61,-92.09,37174.86545286968,174.36338548877677
1853,POLL,989482760192,338025707099,-86.54,-91.69
1853,POLL_ACK,342676649984,994133878726,-85.63,-91.64
1853,RANGE,995202331648,343745153979,-86.47,-91.51,37172.70588203732,174.35325633089155
1854,POLL,997533771776,346076543292,-86.39,-91.41
1854,POLL_ACK,350727605760,1002185009880,-85.42,-92.28
1854,RANGE,1003253564928,351796211865,-86.53,-91.43,37165.64717003378,174.32014845256748
1855,POLL,1005585174528,354127770644,-86.82,-93.06
1855,POLL_ACK,358779134464,1010236713983,-86.62,-91.43
1855,RANGE,1011305340928,359847812475,-86.67,-92.0,37169.23667017342,174.33698448919966
1856,POLL,1013636577280,362178998025,-86.55,-91.59
1856,POLL_ACK,366830404608,1018288159505,-86.9,-92.57
1856,RANGE,1019356537856,367898834034,-86.58,-91.74,37171.26168360248,174.34648252484416
1857,POLL,1021687980544,370230225909,-86.45,-91.62
1857,POLL_ACK,374881424896,1026339355173,-85.38,-91.78
1857,RANGE,1027408194048,375950314835,-86.58,-93.44,37171.28933784716,174.34661223312065
1858,POLL,1037791177728,386333072222,-86.79,-93.09
1858,POLL_ACK,390983410688,1042441691780,-85.73,-92.03
1858,RANGE,1043510579712,392052349672,-86.02,-91.41,37163.36332910088,174.30943642356277
1859,POLL,1045842580480,394384299617,-86.31,-91.88
1859,POLL_ACK,399035306496,1050493763011,-85.44,-92.38
1859,RANGE,1051562176512,400103771055,-86.7,-93.69,37166.40775661497,174.3237158750622
1860,POLL,1053893592064,402435135783,-85.92,-91.83
1860,POLL_ACK,407086345728,1058544977672,-84.53,-91.45
1860,RANGE,1059613842432,408155261554,-86.02,-91.74,37174.27142488886,174.3605992855572
1861,POLL,1061945386496,410486754794,-85.3,-91.82
1861,POLL_ACK,415138319360,1066597126747,-84.79,-91.6
1861,RANGE,1067665364992,416206608682,-85.27,-92.37,37174.528314588286,174.36180418992322
1862,POLL,1069996398080,418537590957,-85.94,-91.99
1862,POLL_ACK,423188767744,1074647750532,-84.94,-91.72
1862,RANGE,1075716611584,424257679862,-85.94,-93.08,37174.49292938634,174.36163822069824
1863,POLL,1078047800832,426588818296,-85.74,-92.0
1863,POLL_ACK,431240039936,1082699198138,-85.19,-93.57
1863,RANGE,1083767588352,432308481204,-85.79,-92.07,37165.44567144725,174.3192033522883
1864,POLL,1086099595264,434640437287,-85.33,-91.43
1864,POLL_ACK,439291512320,1090750845952,-85.08,-92.53
1864,RANGE,1091819437056,440360154487,-86.08,-92.86,37170.15529635585,174.3412931738234
1865,POLL,1094150989824,442691656432,-85.69,-92.54
1865,POLL_ACK,447343165952,1098802675011,-85.14,-92.09
1865,RANGE,359292928,448411462713,-85.9,-92.17,37169.365807769806,174.33759019061176
1866,POLL,2690772992,450742891950,-85.96,-92.32
1866,POLL_ACK,455394378240,7342434949,-85.62,-92.34
1866,RANGE,8410862592,456462856944,-85.52,-91.59,37168.178390710396,174.33202078085213
1867,POLL,10742168064,458794111602,-85.64,-92.12
1867,POLL_ACK,463445078016,15393310133,-86.12,-92.63
1867,RANGE,16462064640,464513883581,-86.99,-92.1,37169.7905967947,174.33958260273207
1868,POLL,18793579008,466845347129,-85.77,-92.32
1868,POLL_ACK,471496737280,23445144830,-84.79,-91.88
1868,RANGE,24513922048,472565565561,-85.72,-91.43,37172.65706520597,174.35302736253138
1869,POLL,26844716032,474896308729,-85.43,-92.34
1869,POLL_ACK,479548204544,31496787509,-85.18,-92.52
1869,RANGE,32565926912,480617395001,-85.58,-91.66,37170.33540963436,174.34213796937627
1870,POLL,34895993344,482947410656,-85.87,-91.96
1870,POLL_ACK,487598652928,39547411266,-85.53,-93.03
1870,RANGE,40615963136,488667255861,-86.11,-91.49,37169.00049765604,174.33587675581074
1871,POLL,42947396096,490998638001,-86.55,-91.93
1871,POLL_ACK,495649799168,47598732896,-85.74,-91.49
1871,RANGE,48667555328,496718672649,-86.49,-92.6,37164.28121431942,174.31374163280142
1872,POLL,50998799360,499049865881,-86.43,-92.27
1872,POLL_ACK,503700813312,55649922430,-85.99,-92.48
1872,RANGE,56718584832,504769526786,-86.69,-92.61,37173.210926614585,174.35562517019315
1873,POLL,59050585600,507101476740,-86.64,-93.07
1873,POLL_ACK,511752924672,63702209177,-85.66,-91.9
1873,RANGE,64770575360,512821341926,-86.31,-93.05,37169.72356040938,174.3392681781618
1874,POLL,67101996544,515152712305,-85.71,-91.99
1874,POLL_ACK,519804264448,71753724322,-85.46,-91.61
1874,RANGE,72822228992,520872820189,-86.26,-91.51,37169.80393286503,174.3396451536611
1875,POLL,75153010176,523203550580,-86.36,-92.21
1875,POLL_ACK,527854649344,79804284561,-86.51,-92.15
1875,RANGE,80873257984,528923673827,-86.95,-91.57,37169.096139843954,174.3363253518037
1876,POLL,83204802048,531255167087,-87.23,-92.16
1876,POLL_ACK,535906554368,87856364957,-87.69,-92.87
1876,RANGE,88925083648,536975324135,-86.67,-91.49,37173.41323073996,174.356574048737
1877,POLL,91255816192,539306005880,-87.06,-92.51
1877,POLL_ACK,543957008384,95906994302,-87.19,-91.73
1877,RANGE,96975599104,545025664257,-87.58,-91.72,37169.09955424852,174.33634136657957
1878,POLL,107358619648,555408458548,-87.13,-91.5
1878,POLL_ACK,560058019840,112008356491,-86.78,-92.24
1878,RANGE,113077127680,561126842080,-87.09,-91.96,37160.23398437216,174.29475868002248
1879,POLL,115410405888,563460069451,-87.37,-91.77
1879,POLL_ACK,568111538688,120062050794,-87.66,-92.37
1879,RANGE,121130631168,569180170113,-87.46,-92.09,37165.68670962889,174.32033390737897
1880,POLL,123461752832,571511240965,-87.61,-92.14
1880,POLL_ACK,576162092544,128112780067,-87.33,-91.48
1880,RANGE,129181599744,577230963279,-86.93,-92.02,37170.694922786424,174.34382421435814
1881,POLL,131513155584,579562468311,-87.05,-91.61
1881,POLL_ACK,584213831168,136164694088,-86.57,-92.25
1881,RANGE,137232999424,585282187549,-87.26,-92.6,37158.97254035597,174.28884205741775
1882,POLL,139564622848,587613760151,-87.62,-92.52
1882,POLL_ACK,592264707072,144215745404,-87.03,-92.0
1882,RANGE,145284466176,593333478913,-87.16,-91.8,37172.13537171194,174.35058043386874
1883,POLL,147616025600,595664987535,-87.19,-92.26
1883,POLL_ACK,600316489728,152267703432,-86.11,-91.89
1883,RANGE,153336105472,601384942848,-86.73,-91.43,37173.02986268044,174.3547759157261
1884,POLL,155667420672,603716207242,-85.98,-91.49
1884,POLL_ACK,608367704576,160319093639,-85.2,-91.45
1884,RANGE,161387444736,609436106747,-86.05,-91.78,37169.588657761335,174.33863543660001
1885,POLL,163718831104,611767442308,-85.71,-91.51
1885,POLL_ACK,616418744832,168370309247,-85.45,-92.75
1885,RANGE,169439068672,617487555323,-85.95,-91.92,37169.039639518276,174.3360603451131
1886,POLL,171769845248,619818281122,-86.17,-92.42
1886,POLL_ACK,624469237760,176420977501,-85.18,-92.41
1886,RANGE,177489234944,625537546285,-85.81,-91.39,37171.43089299946,174.34727617730138
1887,POLL,179821245952,627869506494,-86.01,-92.72
1887,POLL_ACK,632520525312,184472440383,-84.89,-91.44
1887,RANGE,185541033472,633589169481,-85.64,-91.59,37173.27588539538,174.35592985005675
1888,POLL,187873032704,635921117914,-86.05,-91.55
1888,POLL_ACK,640572494336,192524584761,-84.93,-91.32
1888,RANGE,193593196032,641641156666,-86.4,-92.89,37166.22609348593,174.32286381015726
1889,POLL,195924051456,643971961315,-85.93,-91.44
1889,POLL_ACK,648621980160,200574245893,-85.25,-91.5
1889,RANGE,201642688000,649690473348,-85.99,-91.79,37172.418074878085,174.35190641260562
1890,POLL,203975454208,652023188751,-85.98,-91.49
1890,POLL_ACK,656674350080,208626791130,-85.24,-92.01
1890,RANGE,209695441920,657743051951,-85.63,-91.5,37172.03508614676,174.35011005877934
1891,POLL,212026857472,660074416724,-85.72,-91.48
1891,POLL_ACK,664725437952,216678054273,-85.4,-92.33
1891,RANGE,217746315776,665793750544,-85.56,-92.14,37170.25937908442,174.34178135896417
1892,POLL,220078260224,668125644205,-85.55,-91.53
1892,POLL_ACK,672777282560,224730074161,-85.33,-92.56
1892,RANGE,225798503424,673845762908,-86.48,-93.21,37169.70367136742,174.33917489145722
1893,POLL,228130054656,676177263371,-86.76,-91.98
1893,POLL_ACK,680828439552,232781406395,-86.87,-92.7
1893,RANGE,233849831936,681896916158,-86.96,-92.32,37160.23658426837,174.29477087446355
1894,POLL,236181449216,684228482670,-87.0,-92.89
1894,POLL_ACK,688879583232,240832725348,-87.04,-92.31
1894,RANGE,241901026304,689947935289,-87.11,-91.49,37175.0464295085,174.36423433379758
1895,POLL,244232468992,692279327209,-87.36,-91.92
1895,POLL_ACK,696930712064,248884029403,-87.52,-92.76
1895,RANGE,249952703488,697999437231,-87.71,-91.46,37168.73700017729,174.33464085860163
1896,POLL,252284262912,700330945903,-87.44,-91.73
1896,POLL_ACK,704982646784,256936139366,-86.72,-92.46
1896,RANGE,258005208064,706051766564,-87.12,-91.41,37173.17400902671,174.3554520135313
1897,POLL,260335274496,708381782266,-87.36,-91.82
1897,POLL_ACK,713031802880,264985470659,-86.92,-91.35
1897,RANGE,266053909504,714100292809,-87.51,-92.34,37169.58831169438,174.33863381342252
1898,POLL,276438528000,724484685197,-87.5,-92.81
1898,POLL_ACK,729134558208,281088576474,-86.99,-93.02
1898,RANGE,282156724736,730202757573,-86.73,-91.41,37167.009756365725,174.32653946872762
1899,POLL,284489866240,732535848267,-87.22,-92.21
1899,POLL_ACK,737187368960,289141562502,-86.56,-91.36
1899,RANGE,290209971200,738255828760,-86.42,-92.34,37175.45911935121,174.36616999643562
1900,POLL,292540888064,740586694876,-86.27,-91.48
1900,POLL_ACK,745238386688,297192755451,-85.47,-91.48
1900,RANGE,298261318144,746307000474,-85.85,-91.79,37173.37478963702,174.35639374624577
1901,POLL,300592671744,748638303313,-85.81,-91.47
1901,POLL_ACK,753289531392,305244075425,-84.86,-92.16
1901,RANGE,306312501760,754358008819,-86.11,-93.65,37175.225981025804,174.3650764944899
1902,POLL,308643691520,756689147797,-85.97,-93.26
1902,POLL_ACK,761340805632,313295524933,-84.81,-91.49
1902,RANGE,314364293120,762409624910,-85.69,-92.58,37174.7290889099,174.3627458931415
1903,POLL,316695094272,764740375301,-85.21,-91.86
1903,POLL_ACK,769391633920,321346528462,-84.9,-92.94
1903,RANGE,322415336448,770460492990,-84.93,-91.48,37172.392834686936,174.35178802710172
1904,POLL,324746497024,772791602800,-85.01,-91.66
1904,POLL_ACK,777443616768,329398686586,-85.31,-93.01
1904,RANGE,330467422720,778512403993,-85.46,-93.07,37175.21609737647,174.36503013664736
1905,POLL,332798291456,780843221966,-85.04,-91.48
1905,POLL_ACK,785494249472,337449494509,-84.82,-92.08
1905,RANGE,338518206976,786563013017,-85.6,-92.3,37167.33592305905,174.32806930691768
1906,POLL,340849691136,788894446407,-85.62,-91.89
1906,POLL_ACK,793546355712,345501776012,-85.08,-91.63
1906,RANGE,346570543104,794615173887,-86.21,-91.93,37170.30159717858,174.34197937689208
1907,POLL,348900705280,796945285318,-86.23,-92.17
1907,POLL_ACK,801596409856,353552005361,-85.6,-92.11
1907,RANGE,354620918784,802665374358,-86.31,-92.94,37168.94935388765,174.33563687328544
1908,POLL,356952108544,804996513366,-85.67,-91.44
1908,POLL_ACK,809648012288,361603783018,-85.76,-92.14
1908,RANGE,362672422400,810716702758,-86.14,-92.44,37170.264025834396,174.34180315387985
1909,POLL,365003902464,813048132059,-86.04,-91.48
1909,POLL_ACK,817699358208,369655304173,-85.77,-93.04
1909,RANGE,370723724288,818767829429,-85.83,-92.67,37176.94458282964,174.37313735026362
1910,POLL,373054914048,821098968430,-85.96,-91.55
1910,POLL_ACK,825750431232,377706552398,-85.02,-92.13
1910,RANGE,378775141888,826819071826,-85.75,-91.99,37176.02797116424,174.3688381144437
1911,POLL,381106454016,829150333188,-85.75,-93.18
1911,POLL_ACK,833801648640,385757945017,-84.95,-91.36
1911,RANGE,386826598912,834870353633,-85.77,-93.08,37174.55098820088,174.36191053725776
1912,POLL,389158164480,837201868440,-85.7,-92.8
1912,POLL_ACK,841853372416,393809844000,-84.75,-91.58
1912,RANGE,394878332928,842921912430,-85.32,-91.85,37167.36228806313,174.32819296819568
1913,POLL,397209124864,845252653629,-85.47,-91.72
1913,POLL_ACK,849903943680,401860590462,-84.94,-92.06
1913,RANGE,402929089536,850972493840,-86.08,-92.15,37168.16701260044,174.33196741345597
1914,POLL,405260662272,853304015814,-85.86,-92.46
1914,POLL_ACK,857955677184,409912499210,-85.65,-91.47
1914,RANGE,410981076992,859024306039,-86.79,-92.72,37164.78433878971,174.31610146611604
1915,POLL,413311927808,861355106104,-86.4,-91.9
1915,POLL_ACK,866005909504,417962906778,-85.32,-91.36
1915,RANGE,419031074304,867074128123,-86.38,-92.68,37171.21674649764,174.34627175378583
1916,POLL,421363775488,869406778504,-85.91,-91.71
1916,POLL_ACK,874057010176,426014182677,-85.25,-91.57
1916,RANGE,427082270720,875125149322,-86.53,-92.75,37170.79187289231,174.34427894495315
1917,POLL,429414733312,877457561143,-86.11,-91.45
1917,POLL_ACK,882108713472,434066061178,-85.87,-91.37
1917,RANGE,435134710272,883177413656,-86.25,-91.47,37170.46636849095,174.34275221314866
1918,POLL,445517922304,893560399645,-86.12,-91.7
1918,POLL_ACK,898209863680,450167561805,-85.23,-91.79
1918,RANGE,451236048896,899278401863,-86.07,-91.83,37166.644793545136,174.3248276628555
1919,POLL,453569333248,901611635417,-86.16,-91.76
1919,POLL_ACK,906263114752,458220988125,-85.45,-92.48
1919,RANGE,459289614336,907331792047,-86.55,-91.48,37167.62684691799,174.3294338436375
1920,POLL,461620346880,909662473839,-86.56,-91.58
1920,POLL_ACK,914313647104,466271695697,-87.1,-91.63
1920,RANGE,467340587008,915382589500,-87.3,-92.4,37171.93499821118,174.34964061064332
1921,POLL,469671884800,917713836532,-86.97,-92.51
1921,POLL_ACK,922364459520,474322683323,-86.98,-91.46
1921,RANGE,475391095808,923432923094,-87.74,-93.19,37168.855653055194,174.3351973829424
1922,POLL,477723150336,925764926857,-87.19,-91.73
1922,POLL_ACK,930416838144,482375237195,-86.32,-91.34
1922,RANGE,483443382784,931485034839,-87.26,-93.09,37174.24415559651,174.3604713828446
1923,POLL,485774944256,933816545548,-86.77,-91.43
1923,POLL_ACK,938467657728,490426231961,-86.1,-91.96
1923,RANGE,491494851584,939536328433,-86.53,-91.46,37165.91358310806,174.32139802496013
1924,POLL,493826339328,941867765420,-87.11,-93.08
1924,POLL_ACK,946518751232,498477500670,-86.07,-91.4
1924,RANGE,499546269696,947587571343,-86.82,-92.68,37169.17885811516,174.33671333001516
1925,POLL,501877749760,949919000661,-86.83,-91.63
1925,POLL_ACK,954570976256,506529900910,-86.74,-91.78
1925,RANGE,507598687744,955639814184,-86.48,-91.69,37173.31942061115,174.35613404575503
1926,POLL,509928761344,957969837069,-86.91,-91.62
1926,POLL_ACK,962621293568,514580393373,-86.55,-91.76
1926,RANGE,515649057792,963690009077,-87.1,-92.4,37169.32986303231,174.3374215969654
1927,POLL,517980547584,966021448125,-87.4,-93.41
1927,POLL_ACK,970673398784,522632673774,-86.41,-92.48
1927,RANGE,523701470720,971742246823,-87.45,-93.4,37170.811030398276,174.3443688004928
1928,POLL,526032011776,974072737156,-87.21,-92.14
1928,POLL_ACK,978724026880,530683477008,-86.58,-91.49
1928,RANGE,531752321024,979792921997,-87.05,-91.66,37173.67423750259,174.35779826359865
1929,POLL,534083098112,982123648353,-87.23,-91.99
1929,POLL_ACK,986774913536,538734538805,-87.07,-93.37
1929,RANGE,539803066880,987843492715,-87.15,-92.38,37172.33688924095,174.35152562299493
1930,POLL,542134500864,990174875958,-87.16,-92.7
1930,POLL_ACK,994826268160,546786068569,-86.36,-91.35
1930,RANGE,547854599680,995894850371,-87.16,-92.42,37169.82547116989,174.33974617599725
1931,POLL,550185842688,998226042654,-86.92,-91.9
1931,POLL_ACK,1002877489152,554837464704,-86.32,-91.28
1931,RANGE,555906024960,1003946100511,-86.49,-92.35,37172.59376560207,174.3527304647995
1932,POLL,558237304832,1006277329655,-86.37,-91.93
1932,POLL_ACK,1010928445952,562888596615,-85.84,-91.89
1932,RANGE,563956951040,1011996851488,-86.0,-92.03,37171.7084164183,174.34857786117493
1933,POLL,566288652288,1014328501998,-86.09,-92.48
1933,POLL_ACK,1018979665920,570939991697,-85.14,-92.07
1933,RANGE,572008562688,1020048288019,-85.63,-91.52,37172.40006755499,174.3518219518341
1934,POLL,574340423168,1022380097756,-85.71,-91.53
1934,POLL_ACK,1027031435264,578991936167,-85.05,-91.7
1934,RANGE,580060651008,1028100201216,-85.62,-91.51,37174.91267528415,174.36360697875278
1935,POLL,582391457792,1030430957274,-85.78,-92.61
1935,POLL_ACK,1035082255360,587042931365,-85.25,-92.53
1935,RANGE,588111546880,1036150921980,-85.92,-91.51,37171.301419229145,174.3466688991136
1936,POLL,590442915328,1038482239698,-86.15,-92.38
1936,POLL_ACK,1043133804544,595094655654,-85.11,-91.66
1936,RANGE,596163408896,1044202608893,-85.77,-91.4,37172.136451318256,174.35058549760763
1937,POLL,598494319616,1046533468901,-85.75,-91.43
1937,POLL_ACK,1051184878080,603145904283,-84.99,-92.57
1937,RANGE,604214352384,1052253377295,-85.65,-91.53,37173.348446049116,174.35627018541734
1938,POLL,614597123584,1062635922571,-85.78,-92.67
1938,POLL_ACK,1067285517312,619246893745,-85.46,-91.49
1938,RANGE,620315449344,1068354124004,-86.8,-93.05,37163.093554544655,174.3081710846202
1939,POLL,622648471040,1070687094929,-86.78,-91.97
1939,POLL_ACK,1075338435072,627299986677,-85.96,-91.38
1939,RANGE,628368632320,1076407131821,-86.15,-91.37,37172.542837413006,174.35249159341816
1940,POLL,630699873792,1078738322557,-86.15,-92.02
1940,POLL_ACK,1083389538304,635351265036,-86.63,-92.59
1940,RANGE,636420040192,1084458364563,-86.26,-91.73,37173.00115543577,174.35464126850388
1941,POLL,638751272448,1086789546083,-86.31,-91.61
1941,POLL_ACK,1091441052672,643402954552,-86.37,-91.42
1941,RANGE,644471442432,1092509591658,-86.36,-92.14,37172.77123599905,174.3535628642948
1942,POLL,646802739200,1094840837681,-86.22,-91.82
1942,POLL_ACK,1099492284928,651454361948,-86.22,-92.49
1942,RANGE,652522827776,1049174072,-85.84,-91.6,37165.69672118023,174.32038086512756
1943,POLL,654854138368,3380433937,-86.26,-91.55
1943,POLL_ACK,8031868928,659505748873,-86.25,-91.44
1943,RANGE,660574387712,9100558870,-86.75,-91.8,37172.938448372144,174.35434714999735
1944,POLL,662905924096,11432044519,-87.19,-92.67
1944,POLL_ACK,16083073536,667557128611,-86.27,-91.31
1944,RANGE,668625628160,17151624194,-86.56,-91.54,37173.47651389845,174.35687086933402
1945,POLL,670956942336,19482887627,-86.9,-91.99
1945,POLL_ACK,24134799872,675609030092,-86.17,-91.31
1945,RANGE,676677193216,25203014126,-86.36,-91.82,37178.46107082024,174.3802502201254
1946,POLL,679008343552,27534113727,-86.51,-91.99
1946,POLL_ACK,32185180672,683659585984,-85.91,-91.65
1946,RANGE,684728200704,33253846484,-86.78,-93.39,37166.4782642152,174.32404658086915
1947,POLL,687059688448,35585283500,-86.74,-92.68
1947,POLL_ACK,40236840448,691711420900,-86.45,-92.47
1947,RANGE,692779857920,41305328575,-86.16,-91.55,37171.59843771975,174.34806202183088
1948,POLL,695111095296,43636515224,-86.69,-92.53
1948,POLL_ACK,48287541760,699762297320,-85.25,-91.34
1948,RANGE,700830931456,49356227009,-86.52,-92.2,37175.363777985374,174.3657228114056
1949,POLL,703162871296,51688116102,-85.72,-91.65
1949,POLL_ACK,56339326976,707814257656,-86.0,-92.29
1949,RANGE,708882649088,57407769523,-86.25,-92.22,37173.469966242454,174.35684015849077
1950,POLL,711213954048,59739023749,-85.82,-91.42
1950,POLL_ACK,64390087680,715865193460,-85.1,-91.41
1950,RANGE,716933744128,65458689451,-86.11,-91.8,37169.83006410156,174.33976771848586
1951,POLL,719265299456,67790194047,-85.92,-91.47
1951,POLL_ACK,72441308160,723916589055,-84.84,-91.43
1951,RANGE,724985265152,73510035361,-85.76,-91.82,37171.710751214676,174.34858881220316
1952,POLL,727316761088,75841480565,-85.49,-92.36
1952,POLL_ACK,80493342720,731968798736,-84.98,-91.72
1952,RANGE,733036984832,81561579938,-85.56,-91.67,37173.83214066995,174.35853888580408
1953,POLL,735368165376,83892709757,-85.79,-92.83
1953,POLL_ACK,88543604736,740019235816,-85.46,-93.18
1953,RANGE,741087830016,89612250047,-86.0,-92.27,37171.942524596416,174.34967591207598
1954,POLL,743419568128,91943937438,-85.83,-91.6
1954,POLL_ACK,96595509760,748071315922,-86.26,-91.81
1954,RANGE,749139489792,97663734760,-85.99,-91.96,37175.60462318335,174.36685246133405
1955,POLL,751471289856,99995484105,-86.09,-91.7
1955,POLL_ACK,104646981120,756122962338,-86.15,-91.33
1955,RANGE,757191519744,105715589641,-86.34,-91.53,37172.58152972421,174.35267307416572
1956,POLL,759522692096,108046711283,-86.68,-91.59
1956,POLL_ACK,112698252800,764174409072,-87.48,-93.18
1956,RANGE,765242597888,113766492741,-86.89,-91.5,37172.55223603635,174.35253567631568
1957,POLL,767573719552,116097563699,-87.62,-92.53
1957,POLL_ACK,120748958720,772225290034,-87.86,-93.04
1957,RANGE,773293629952,121817349756,-87.1,-91.49,37171.52564750731,174.34772060975806
1958,POLL,783676584960,132200078915,-87.53,-91.59
1958,POLL_ACK,136849700864,788326382284,-87.21,-92.57
1958,RANGE,789394896384,137918266068,-87.6,-91.57,37162.93932724686,174.30744770355474
1959,POLL,791728309248,140251628173,-87.07,-91.7
1959,POLL_ACK,144902661120,796379517648,-87.2,-91.52
1959,RANGE,797448263168,145971457750,-88.09,-91.53,37171.845879432556,174.3492226117679
1960,POLL,799779386880,148302530747,-87.75,-92.95
1960,POLL_ACK,152953526784,804430558371,-87.36,-91.8
1960,RANGE,805499300864,154022320391,-87.63,-93.27,37173.61382657981,174.35751491481204
1961,POLL,807830729216,156353698022,-86.98,-91.64
1961,POLL_ACK,161005016576,812482223226,-87.28,-91.43
1961,RANGE,813550569472,162073413936,-87.45,-91.56,37169.64342378993,174.3388923088184
1962,POLL,815882193920,164404987670,-87.19,-91.49
1962,POLL_ACK,169056040960,820533422661,-87.59,-92.28
1962,RANGE,821602110464,170124779873,-87.54,-91.78,37171.1075938167,174.34575978875912
1963,POLL,823933914624,172456533296,-87.58,-91.68
1963,POLL_ACK,177107822592,828585379391,-88.03,-93.01
1963,RANGE,829654220800,178176715103,-87.3,-91.88,37170.60181644116,174.34338751237217
1964,POLL,831984936960,180507380561,-87.29,-92.05
1964,POLL_ACK,185158309888,836636041732,-86.83,-92.32
1964,RANGE,837704915456,186227234717,-87.2,-91.57,37170.4091148483,174.34248367313268
1965,POLL,840036719104,188558987641,-87.25,-91.98
1965,POLL_ACK,193210246144,844688153050,-86.85,-91.7
1965,RANGE,845756581376,194278725598,-87.16,-92.03,37174.969148959586,174.36387186044425
1966,POLL,848087746560,196609840069,-86.45,-91.56
1966,POLL_ACK,201260756480,852738838394,-87.58,-93.06
1966,RANGE,853807720960,202329690145,-86.54,-91.62,37166.018490315866,174.32189007720277
1967,POLL,856139204096,204661122574,-87.2,-91.81
1967,POLL_ACK,209312354304,860790611278,-86.86,-91.6
1967,RANGE,861859310592,210381104730,-86.94,-91.55,37171.7535468546,174.3487895390268
1968,POLL,864190552064,212712295506,-86.87,-91.5
1968,POLL_ACK,217363366400,868841798403,-86.98,-92.51
1968,RANGE,869910526464,218432145580,-86.79,-91.91,37174.52634277944,174.36179494143607
1969,POLL,872242330624,220763899026,-86.69,-92.03
1969,POLL_ACK,225415201792,876893808827,-87.32,-92.92
1969,RANGE,877962247680,226483691763,-86.65,-91.52,37170.34588542687,174.34218710458163
